-2.000 0.247
-1.900 0.252
-1.800 0.257
-1.700 0.262
-1.600 0.267
-1.500 0.273
-1.400 0.278
-1.300 0.284
-1.200 0.289
-1.100 0.295
-1.000 0.301
-0.900 0.307
-0.800 0.313
-0.700 0.320
-0.600 0.326
-0.500 0.333
-0.400 0.340
-0.300 0.346
-0.200 0.353
-0.100 0.361
0.000 0.368
0.100 0.375
0.200 0.383
0.300 0.391
0.400 0.399
0.500 0.407
0.600 0.415
0.700 0.423
0.800 0.432
0.900 0.440
1.000 0.449
1.100 0.458
1.200 0.468
1.300 0.477
1.400 0.487
1.500 0.497
1.600 0.507
1.700 0.517
1.800 0.527
1.900 0.538


# f = lambda x: math.e**(0.2*x-1)